function [ data ] = busdata33
%UNTITLED5 Summary of this function goes here
%   Detailed explanation goes here
data.baseMVA = 10;
data.baseKV = 12.66;

data.busdata =[1,2,0.0922000000000000,0.0470000000000000,0.100000000000000,0.0600000000000000;
    2,3,0.493000000000000,0.251100000000000,0.0900000000000000,0.0400000000000000;
    3,4,0.366000000000000,0.186400000000000,0.120000000000000,0.0800000000000000;
    4,5,0.381100000000000,0.194100000000000,0.0600000000000000,0.0300000000000000;
    5,6,0.819000000000000,0.707000000000000,0.0600000000000000,0.0200000000000000;
    6,7,0.187200000000000,0.618800000000000,0.200000000000000,0.100000000000000;
    7,8,0.711400000000000,0.235100000000000,0.200000000000000,0.100000000000000;
    8,9,1.03000000000000,0.740000000000000,0.0600000000000000,0.0200000000000000;
    9,10,1.04400000000000,0.740000000000000,0.0600000000000000,0.0200000000000000;
    10,11,0.196600000000000,0.0650000000000000,0.0450000000000000,0.0300000000000000;
    11,12,0.374400000000000,0.123800000000000,0.0600000000000000,0.0350000000000000;
    12,13,1.46800000000000,1.15500000000000,0.0600000000000000,0.0350000000000000;
    13,14,0.541600000000000,0.712900000000000,0.120000000000000,0.0800000000000000;
    14,15,0.591000000000000,0.526000000000000,0.0600000000000000,0.0100000000000000;
    15,16,0.746300000000000,0.545000000000000,0.0600000000000000,0.0200000000000000;
    16,17,1.28900000000000,1.72100000000000,0.0600000000000000,0.0200000000000000;
    17,18,0.372000000000000,0.574000000000000,0.0900000000000000,0.0400000000000000;
    2,19,0.164000000000000,0.156500000000000,0.0900000000000000,0.0400000000000000;
    19,20,1.50420000000000,1.35540000000000,0.0900000000000000,0.0400000000000000;
    20,21,0.409500000000000,0.478400000000000,0.0900000000000000,0.0400000000000000;
    21,22,0.708900000000000,0.937300000000000,0.0900000000000000,0.0400000000000000;
    3,23,0.451200000000000,0.308300000000000,0.0900000000000000,0.0500000000000000;
    23,24,0.898000000000000,0.709100000000000,0.420000000000000,0.200000000000000;
    24,25,0.896000000000000,0.701100000000000,0.420000000000000,0.200000000000000;
    6,26,0.203000000000000,0.103400000000000,0.0600000000000000,0.0250000000000000;
    26,27,0.284200000000000,0.144700000000000,0.0600000000000000,0.0250000000000000;
    27,28,1.05900000000000,0.933700000000000,0.0600000000000000,0.0200000000000000;
    28,29,0.804200000000000,0.700600000000000,0.120000000000000,0.0700000000000000;
    29,30,0.507500000000000,0.258500000000000,0.200000000000000,0.600000000000000;
    30,31,0.974400000000000,0.963000000000000,0.150000000000000,0.0700000000000000;
    31,32,0.310500000000000,0.361900000000000,0.210000000000000,0.100000000000000;
    32,33,0.341000000000000,0.536200000000000,0.0600000000000000,0.0400000000000000;];
end

